ncols         82
nrows         77
xllcorner     539626.70826682
yllcorner     4033587.1789748
cellsize      887.65432098765
NODATA_value  -9999
-9999 -9999 -9999 -9999 -9999 -9999 -9999 -9999 -9999 -9999 -9999 -9999 -9999 -9999 -9999 -9999 -9999 -9999 -9999 -9999 -9999 -9999 -9999 -9999 -9999 -9999 -9999 -9999 -9999 -9999 -9999 -9999 -9999 -9999 -9999 -9999 -9999 -9999 -9999 -9999 -9999 -9999 -9999 -9999 -9999 -9999 -9999 -9999 -9999 -9999 -9999 -9999 -9999 -9999 -9999 -9999 -9999 -9999 -9999 -9999 -9999 -9999 -9999 -9999 -9999 -9999 -9999 -9999 -9999 -9999 -9999 -9999 -9999 -9999 -9999 -9999 -9999 -9999 -9999 -9999 -9999 -9999 
-9999 -9999 -9999 -9999 -9999 -9999 -9999 -9999 -9999 -9999 -9999 -9999 -9999 -9999 -103.4641 -9999 -9999 -9999 -9999 -9999 -9999 -9999 -9999 -9999 -9999 -9999 -9999 -9999 -9999 -9999 -9999 14.02543 49.37494 88.65265 165.3874 178.9866 315.4439 225.8061 290.424 413.3554 432.295 467.4257 475.4345 482.5372 533.8524 405.0594 218.9885 120.1696 69.41464 144.5777 241.0017 177.6247 153.2199 178.306 199.352 214.2597 243.8624 136.6841 206.0083 192.7588 152.4177 81.60397 98.15253 238.4919 317.4763 278.9813 358.9943 446.7994 288.342 354.6098 439.767 566.8431 547.8122 376.0206 296.6221 353.4338 470.3618 610.6458 608.5388 619.0162 -9999 -9999 
-9999 -9999 -9999 -9999 -9999 -9999 -9999 -9999 -9999 -9999 -9999 -9999 -9999 -9999 -112.4282 -104.8597 -9999 -9999 -9999 -9999 -9999 -9999 -9999 -9999 -9999 -9999 -9999 -9999 -9999 -9999 -9999 -9999 9.127669 65.40251 108.039 208.8988 251.0961 235.9573 160.6923 307.1552 390.2271 420.2758 438.0676 502.4731 467.4585 388.1201 251.423 135.9701 78.86533 117.2392 231.5037 189.9369 177.3762 170.581 220.7224 191.6664 187.3007 159.1166 177.7096 185.3665 134.3444 73.74165 218.4523 286.2435 232.2564 209.4601 313.2645 326.5175 269.5965 394.6622 435.4783 467.0206 358.8706 269.7331 405.574 459.0035 369.2074 348.9933 536.2836 475.5591 -9999 -9999 
-9999 -9999 -9999 -9999 -9999 -9999 -9999 -9999 -9999 -9999 -9999 -9999 -9999 -122.2197 -126.7247 -115.7434 -105.2934 -9999 -9999 -9999 -9999 -9999 -9999 -9999 -9999 -9999 -9999 -9999 -9999 -9999 -9999 -9999 -9999 44.88279 87.26931 84.53561 182.2938 97.29017 272.2743 291.6699 361.0428 360.1516 310.3035 410.3585 403.0926 283.9955 189.1328 162.1983 177.1184 86.8177 144.7184 195.1736 232.1353 161.6103 167.3417 202.2735 130.2283 114.7343 205.847 147.3441 93.37443 149.4497 178.6225 234.4888 219.3194 145.123 182.6661 226.0903 311.8347 376.5554 303.4504 329.3997 392.2446 240.9452 333.9315 439.2556 305.9395 225.2698 306.3412 275.5628 -9999 -9999 
-9999 -9999 -9999 -9999 -9999 -9999 -9999 -9999 -9999 -9999 -9999 -9999 -118.085 -124.4903 -164.4875 -133.336 -110.306 -9999 -9999 -9999 -9999 -9999 -9999 -9999 -9999 -9999 -9999 -9999 -9999 -9999 -9999 -9999 -9999 16.13457 38.45853 88.02471 147.4747 156.6049 173.2504 222.3738 231.9369 306.3622 222.3074 298.5008 300.1189 300.3364 357.9135 336.2408 278.1026 145.8465 194.661 194.3003 185.1326 157.4379 136.9295 178.765 69.27311 147.0294 177.2257 116.3778 74.45615 200.4076 143.1263 211.3556 177.0246 150.1283 216.9971 205.7787 183.5996 268.8682 391.7849 320.2844 240.537 216.1739 299.6068 344.5217 250.9718 243.1785 248.7144 290.5394 -9999 -9999 
-9999 -9999 -9999 -9999 -125.744 -123.9878 -9999 -9999 -9999 -9999 -9999 -9999 -120.7433 -126.7233 -224.5222 -135.6456 -114.849 -9999 -9999 -9999 -9999 -9999 -9999 -9999 -9999 -9999 -9999 -9999 -9999 -9999 -9999 -9999 -9999 -9999 10.19294 43.17487 51.32179 144.883 136.6329 180.4073 177.6154 241.3522 224.8129 280.6623 233.9729 264.2035 264.1797 339.9074 335.2603 93.94225 71.98377 143.8186 156.4113 108.5753 129.6618 90.15663 127.9123 146.8097 157.3419 103.4752 40.96587 168.0268 134.545 218.7915 168.7569 153.6346 195.9228 196.2384 188.755 175.8093 223.6033 383.4349 327.2184 197.043 160.8961 207.4531 156.2216 188.1515 216.512 212.6536 -9999 -9999 
-9999 -9999 -132.8951 -9999 -129.6612 -129.0081 -126.8132 -124.8019 -9999 -121.2823 -121.1426 -122.4069 -124.4161 -134.3715 -292.4173 -221.2663 -116.3964 -112.0523 -9999 -9999 -9999 -9999 -9999 -9999 -9999 -9999 -9999 -9999 -9999 -9999 -9999 -9999 -9999 -9999 -9999 -9999 25.48081 82.00663 125.2157 137.5807 115.5907 175.4724 208.5446 204.0378 283.2096 256.5924 300.4214 284.7938 284.1659 294.0045 135.2642 56.74271 133.3703 101.8667 77.97149 40.45179 84.24804 80.58099 74.98362 81.95242 34.5367 99.32629 182.5999 163.7506 125.5881 154.6565 224.5067 156.5634 141.8495 123.4059 191.4561 225.0871 266.3969 271.7522 158.3133 134.7858 141.6461 185.2454 133.4544 163.2183 -9999 -9999 
-179.5317 -160.3099 -146.6955 -9999 -135.3987 -132.73 -131.5188 -130.8806 -129.548 -128.2422 -127.317 -127.7832 -132.5668 -183.2085 -369.7856 -152.9038 -117.0774 -114.2556 -113.5245 -106.6627 -108.5887 -103.4139 -97.58864 -92.2589 -86.93124 -80.31654 -77.95145 -73.34961 -65.08355 -59.84048 -58.01875 -51.71985 -47.2724 -40.58731 -32.59479 -22.30441 -14.94189 28.07432 75.05769 91.68185 127.2288 127.3399 166.9828 167.5214 212.8832 214.9126 265.8692 249.1324 235.0591 249.0415 205.902 70.47682 86.18564 69.30307 52.44352 54.85396 70.39078 77.2561 87.27244 67.23106 29.97056 100.6025 112.4401 108.6578 104.6422 113.9382 167.1243 140.6952 111.8074 121.8044 142.9898 172.8376 151.1268 205.7152 187.711 106.3789 146.6458 119.5534 120.3453 121.8078 -9999 -9999 
-238.4433 -210.1927 -186.5816 -167.8194 -155.0905 -145.7662 -139.8767 -137.5016 -135.5864 -135.7377 -136.857 -142.7112 -173.1326 -346.1753 -247.8013 -122.8716 -119.9392 -117.7797 -116.0966 -113.8714 -111.5597 -104.7491 -98.86068 -94.34158 -90.57639 -82.65184 -82.47643 -72.3667 -70.38178 -65.80248 -62.51126 -58.05642 -51.2329 -45.60352 -37.06863 -30.21258 -21.65995 -12.47973 10.46996 68.03984 53.43494 149.168 171.2356 156.2805 125.2306 178.2016 203.4519 195.2831 177.6562 199.23 179.6429 54.37547 8.813613 36.11097 43.25034 47.71434 39.85846 44.4682 51.25623 42.23327 47.87532 55.83544 62.44343 98.83895 98.9184 97.53385 153.9259 82.08542 95.66184 90.54961 164.3977 154.162 118.9618 138.6923 111.2705 82.20972 137.5783 80.61917 101.6312 81.48941 -9999 -9999 
-298.9921 -272.5151 -246.6437 -222.9546 -202.9405 -186.0389 -172.9866 -163.3187 -155.8669 -151.1739 -152.0781 -176.9736 -369.7312 -372.8775 -156.2666 -126.625 -122.7864 -123.7091 -124.1443 -119.981 -114.4489 -110.099 -102.8973 -101.8162 -93.23551 -89.2481 -80.77044 -80.63584 -76.14853 -70.17003 -64.63152 -62.37495 -58.48822 -51.76412 -46.42939 -39.06427 -31.08513 -24.4326 -15.14697 4.340947 25.74895 80.10299 102.1987 127.5236 169.9453 180.1578 147.6909 163.4641 135.2404 133.4266 135.4386 55.47914 7.110482 5.016301 23.42333 24.02645 22.19283 33.59652 33.59772 30.53945 34.64163 36.75541 45.04722 45.89164 64.8757 49.56819 74.79061 62.57824 90.00149 97.05325 158.6639 171.6577 113.4868 113.5294 94.49403 86.59402 134.9171 86.02509 88.47195 58.45895 -9999 -9999 
-358.1156 -335.6112 -310.4066 -287.1232 -266.4195 -243.0767 -224.529 -209.7096 -197.5657 -188.2704 -189.8701 -274.0839 -594.0829 -252.3402 -164.9902 -145.8356 -136.851 -134.9035 -177.1388 -194.2847 -116.0942 -112.8 -105.9456 -98.4053 -94.89479 -92.11553 -90.46417 -84.08326 -81.01566 -77.05189 -71.86549 -67.39467 -62.6417 -58.71908 -52.61174 -47.59222 -41.29673 -34.04018 -27.12303 -17.96524 2.267402 7.471459 57.37683 63.93584 97.60443 109.0553 114.354 104.0062 107.7381 100.4297 87.09066 58.41153 13.68189 4.768963 19.28468 9.472608 21.2874 26.9475 27.26765 30.54976 22.51085 1.63689 -4.34015 8.846842 35.85848 29.81546 38.48663 51.9875 78.37255 125.7722 144.4504 109.8674 151.9335 84.46872 97.3907 69.15585 85.88312 68.74255 58.05696 49.27798 -9999 -9999 
-422.5905 -400.5877 -375.6075 -351.0968 -327.5189 -304.1575 -284.6488 -268.1412 -252.9939 -240.6399 -249.819 -555.1039 -534.6388 -237.3898 -195.2859 -178.3555 -165.1656 -163.6175 -256.1151 -262.0638 -120.447 -118.717 -111.1767 -105.9855 -102.1848 -98.20454 -94.50854 -91.35929 -86.37035 -84.61443 -79.03597 -73.17875 -68.65378 -66.34279 -60.51061 -54.63844 -50.82185 -46.16199 -36.78751 -29.67352 -23.04882 -12.34257 11.43883 12.8754 39.84825 57.66762 38.08846 37.68391 80.88018 56.21657 69.42835 25.18282 5.59562 3.875952 8.809835 1.776013 14.434 19.12164 17.2809 22.20678 -9.013435 -9.166933 -9.309524 -8.617699 -7.329713 24.61975 43.28843 80.32942 86.82637 97.4046 131.695 110.0663 151.7367 121.1842 71.29221 62.20018 79.33334 50.12063 58.18575 55.28878 -9999 -9999 
-493.1371 -469.9855 -441.4557 -415.2193 -388.1486 -364.3194 -347.0113 -332.5674 -320.3828 -314.9166 -389.8119 -689.5047 -507.7625 -254.4043 -231.5215 -217.5235 -205.1495 -234.2282 -427.791 -247.4542 -131.3122 -124.9678 -119.43 -113.1276 -106.4924 -101.759 -95.99143 -95.40787 -92.36531 -86.07244 -85.36958 -80.0885 -76.06776 -70.66984 -66.16264 -62.59832 -56.92559 -52.79861 -47.9931 -40.50455 -34.38493 -27.05532 -19.21409 -8.273088 5.513711 25.96779 12.79623 14.85731 23.39972 30.43012 24.22583 14.47232 11.86925 -3.186031 -7.109737 -6.238887 0.04002079 12.78499 13.29207 -3.485265 -11.01689 -12.27806 -12.72407 -12.10356 -10.72516 -9.474482 4.810925 42.70469 90.44363 66.05294 126.755 109.6486 106.3354 117.0876 78.0817 56.88871 58.98244 63.12112 36.57104 40.69924 33.90196 -9999 
-566.5762 -542.028 -526.8159 -498.0958 -448.1067 -420.8358 -401.0415 -389.7973 -390.4428 -433.3696 -620.1564 -830.7969 -456.3696 -292.1268 -276.6844 -276.6844 -319.0995 -557.8762 -454.6615 -207.5733 -152.4451 -133.4715 -127.6678 -121.4812 -116.1691 -106.5749 -100.8506 -96.01941 -95.30598 -91.62538 -87.41642 -85.65945 -82.06362 -77.2911 -72.38467 -68.47326 -65.03685 -59.4626 -55.92733 -51.67768 -45.11763 -39.196 -33.0058 -26.75689 -18.81252 -10.72699 -8.350726 2.647825 11.91948 8.947192 10.51454 4.800449 5.194455 -7.096858 -13.18973 -12.56725 -11.75584 -10.14742 -7.020155 -12.82844 -16.01816 -16.42978 -16.35947 -15.28957 -13.82261 -11.85519 -10.10659 3.096401 38.44996 61.27893 80.77927 93.25702 59.22682 79.65018 61.90159 64.21765 47.63203 47.90099 42.85851 38.25299 19.02082 -9999 
-701.4831 -628.2315 -685.3772 -571.4786 -516.2849 -480.1463 -455.299 -447.4875 -497.5228 -718.7208 -919.3361 -810.0531 -415.653 -347.9368 -335.686 -393.1249 -655.673 -627.8928 -277.6295 -211.908 -184.965 -160.4405 -139.3683 -130.1553 -125.0948 -114.4599 -107.626 -101.1885 -96.75745 -93.30766 -89.02029 -86.68384 -86.3892 -82.45552 -77.60351 -74.08318 -70.88569 -66.6782 -61.74828 -58.60008 -55.42301 -50.92805 -46.60985 -40.56497 -32.84027 -29.31791 -25.03308 -19.0874 -15.03609 -14.41937 -14.32813 -15.79419 -14.84409 -16.9705 -17.49907 -17.00221 -15.55132 -15.05829 -17.124 -19.22749 -20.8101 -19.95169 -18.95963 -18.17908 -17.00414 -14.82593 -12.47817 -10.7067 9.242104 34.69022 71.84873 111.704 120.6386 84.10914 32.44041 60.18827 54.35958 40.87828 34.89088 30.16134 22.77533 -9999 
-792.4279 -774.5197 -748.9896 -651.7019 -613.6261 -546.6519 -516.8815 -534.4503 -772.2528 -1069.866 -875.1811 -619.9246 -431.8409 -415.821 -424.7505 -609.7838 -854.2092 -552.1484 -357.0411 -239.8688 -215.6924 -198.8086 -173.889 -149.3603 -134.5508 -127.1508 -114.8709 -106.7298 -96.3815 -93.28821 -91.57507 -89.79228 -86.81721 -87.93689 -84.08591 -78.88963 -76.16103 -72.14105 -68.72213 -65.69935 -60.79805 -56.72484 -54.0904 -51.06908 -46.38835 -41.01445 -37.86878 -33.54074 -30.66347 -27.57526 -23.41238 -20.94933 -21.06338 -22.02775 -21.56008 -21.15855 -20.66087 -21.5734 -22.89805 -23.8988 -23.72344 -22.06433 -20.41423 -20.05719 -19.03483 -17.35049 -14.7129 -13.2179 -9.800117 20.07712 44.87054 74.90516 126.422 105.6157 73.2113 26.8644 43.74375 41.05963 32.28066 29.88872 21.82972 -9999 
-848.8346 -923.9617 -845.8265 -755.3745 -672.6161 -635.0693 -665.5577 -819.8074 -1123.951 -995.9761 -658.6124 -498.5907 -488.9825 -540.0577 -639.8046 -869.9367 -832.388 -542.3403 -392.3697 -286.145 -245.3428 -234.3985 -224.3502 -201.365 -168.477 -150.3241 -156.9159 -118.442 -99.7262 -93.31721 -93.17629 -92.23595 -89.90058 -88.20722 -86.64032 -85.26261 -81.00574 -77.93566 -75.16679 -71.24353 -67.96506 -64.83492 -58.98547 -55.75589 -52.55243 -49.77262 -44.54823 -41.18678 -36.93447 -33.61078 -32.1261 -30.44998 -28.96637 -26.69083 -27.8705 -26.912 -26.73421 -26.11097 -26.19423 -26.281 -25.91538 -23.84963 -23.29581 -21.5171 -20.86241 -19.4646 -17.21649 -14.96786 -11.99406 -4.699776 40.66711 53.73202 80.39303 78.03946 63.35089 13.75441 42.97803 33.68097 25.6648 27.25769 18.43707 -9999 
-1027.723 -1031.463 -896.9641 -881.9326 -786.2916 -730.0107 -813.6198 -1138.674 -1277.131 -975.1316 -728.4473 -552.9941 -582.7886 -747.8033 -917.3084 -994.5613 -722.9808 -491.4026 -386.6003 -333.5944 -292.972 -275.9384 -284.5315 -299.8471 -244.0879 -270.5132 -347.5558 -156.825 -122.6903 -109.2442 -103.9854 -97.61157 -89.7906 -89.80639 -90.67628 -88.59927 -87.55759 -83.09458 -79.15173 -75.41982 -73.29153 -68.26309 -66.9168 -62.32648 -57.18209 -52.99966 -50.97775 -47.25823 -45.18737 -41.65577 -37.40055 -35.06127 -34.71754 -34.30356 -31.58792 -29.96318 -30.58691 -29.78171 -28.22684 -27.56869 -27.09124 -26.83264 -25.81854 -23.83866 -21.93223 -20.646 -19.49968 -16.46054 -13.13155 -10.30787 22.20683 57.15645 71.40272 35.60329 13.94221 11.60791 20.11896 12.51642 15.79956 11.21802 13.38191 -9999 
-1165.718 -1114.326 -1057.125 -954.1637 -924.023 -927.6028 -872.5423 -1057.527 -1351.928 -1106.021 -830.5677 -645.0409 -702.4853 -933.7448 -1073.366 -980.3324 -693.0568 -519.3768 -433.892 -391.3711 -363.1417 -352.4128 -389.2057 -374.2582 -301.177 -473.4091 -461.1856 -237.6746 -149.3713 -126.6703 -115.3579 -103.9276 -98.25341 -95.10552 -92.26875 -94.60509 -88.94996 -87.88203 -85.58112 -81.70501 -77.62434 -73.91276 -71.3109 -67.02138 -64.21757 -61.28309 -55.40347 -51.97195 -49.31097 -47.88791 -45.03394 -41.9923 -38.84661 -36.59055 -35.08045 -32.16435 -32.42337 -30.76163 -29.68183 -29.92762 -29.80799 -28.16938 -27.01901 -25.80797 -24.24903 -22.8437 -21.04843 -18.52184 -16.26957 -12.56212 -6.25488 23.14358 55.90844 90.52094 32.65673 9.91799 11.63232 12.24275 11.9367 9.975248 10.76452 -9999 
-1248.252 -1215.899 -1124.629 -1085.649 -1053.038 -1077.395 -1092.003 -1144.593 -1462.238 -1272.645 -944.0914 -811.4097 -732.7878 -866.5834 -1231.679 -995.0643 -938.1185 -802.2338 -606.8525 -510.6061 -466.3899 -483.1322 -542.8959 -398.2464 -400.5923 -564.1443 -618.521 -347.8947 -335.9448 -214.7294 -166.1117 -121.5336 -105.3658 -100.6285 -99.40014 -99.18549 -96.81469 -93.09704 -88.17065 -87.69061 -84.76321 -80.32951 -76.00016 -74.15291 -71.0038 -67.62103 -65.14938 -60.09823 -56.19615 -51.22472 -47.22187 -44.43784 -42.53282 -39.25604 -37.28347 -35.73116 -34.32898 -32.5934 -31.03193 -31.04307 -31.27153 -29.63831 -27.56946 -28.04433 -26.36621 -24.30066 -21.83514 -20.03896 -18.07258 -15.18937 -10.52288 7.548391 30.22132 55.91619 49.14395 6.727549 11.9746 3.812596 8.740936 11.73144 9.090199 -9999 
-1364.595 -1255.169 -1198.509 -1162.831 -1198.277 -1169.496 -1286.748 -1334.881 -1567.263 -1386.549 -1052.273 -899.9399 -968.0999 -1006.63 -1134.392 -1275.313 -1200.284 -1062.283 -900.3892 -738.5209 -640.5745 -657.8062 -508.076 -467.4892 -571.2373 -644.9739 -745.5511 -487.4981 -507.372 -402.1243 -284.9559 -183.2161 -123.6787 -107.6815 -108.0135 -105.22 -99.95932 -96.9635 -95.51667 -91.68082 -88.02913 -85.89841 -85.53905 -79.18682 -75.62414 -73.90799 -70.67877 -66.61797 -64.6274 -59.65267 -54.99281 -52.57928 -48.69854 -45.10647 -41.86531 -38.94852 -37.93358 -34.73685 -33.50614 -34.18245 -31.96777 -31.83308 -29.2539 -29.44032 -27.91897 -26.52952 -24.60583 -22.48841 -20.37546 -17.60181 -13.73933 -7.549565 39.24358 42.97354 31.05042 4.231936 3.792924 8.001315 8.153401 6.89486 8.066549 -9999 
-1416.14 -1320.832 -1268.25 -1232.455 -1313.209 -1286.447 -1493.454 -1545.823 -1652.772 -1405.87 -1118.729 -1095.669 -1142.957 -1186.74 -1172.591 -1299.869 -1360.461 -1283.627 -1049.717 -891.5146 -733.2011 -568.5806 -533.3538 -654.5215 -663.0349 -870.9675 -870.4064 -674.3155 -686.7573 -593.9997 -365.715 -203.7168 -141.9134 -129.2693 -116.9027 -102.3204 -102.8864 -99.55613 -99.6189 -97.37009 -93.74068 -90.82809 -87.90153 -85.33634 -82.27704 -79.24594 -76.60243 -75.46864 -70.92952 -66.61485 -64.19765 -60.70752 -53.58989 -50.95014 -47.86033 -44.30027 -42.53705 -40.06013 -37.15592 -37.86771 -36.21338 -33.90137 -34.96266 -34.58555 -32.54987 -31.05102 -29.32831 -26.27551 -22.25908 -19.52527 -16.67658 -12.16143 1.964711 43.8703 37.17489 3.604679 6.767222 5.410144 8.017677 8.789073 5.889444 -9999 
-1413.318 -1364.933 -1338.783 -1328.359 -1400.193 -1428.065 -1622.286 -1690.637 -1684.14 -1341.116 -1322.173 -1295.921 -1345.237 -1347.609 -1286.675 -1294.444 -1377.241 -1375.178 -1136.012 -842.9957 -594.7491 -537.8011 -570.3194 -858.1944 -878.4315 -1005.737 -946.046 -817.623 -788.31 -575.3248 -478.2732 -340.8755 -246.0955 -249.9829 -213.9413 -120.6847 -110.9236 -106.285 -100.5464 -99.13864 -96.1956 -93.65395 -91.55402 -88.76349 -87.31921 -84.91005 -80.45466 -78.09192 -74.91944 -72.30605 -69.3136 -67.10123 -62.9613 -59.75483 -55.54443 -54.62642 -51.72721 -50.29509 -49.43891 -48.8318 -45.31657 -44.21349 -43.43039 -42.47863 -38.2552 -36.5401 -33.36525 -29.94819 -25.56682 -21.07809 -18.83063 -15.06704 -9.452887 30.44484 6.209561 4.020975 6.270345 4.671006 7.989088 16.64 39.70685 -9999 
-1471.657 -1434.287 -1407.739 -1439.564 -1459.881 -1561.924 -1729.454 -1793.378 -1540.432 -1536.575 -1440.038 -1481.524 -1450.696 -1399.889 -1294.876 -1303.075 -1417.987 -1446.883 -1230.852 -955.7975 -650.4702 -585.603 -630.1405 -959.311 -1120.376 -1064.18 -968.801 -980.7546 -693.3738 -684.928 -612.9779 -463.5312 -384.1326 -479.3604 -379.0766 -182.6679 -135.5757 -116.6856 -107.889 -103.0562 -99.03815 -96.12388 -91.91607 -91.62112 -89.91871 -88.87672 -87.48958 -84.53963 -80.48353 -76.69191 -75.16179 -72.91203 -69.26438 -67.50742 -64.94874 -61.7717 -62.3765 -62.66331 -69.70089 -68.99073 -63.09617 -58.04453 -54.20941 -51.49051 -47.50565 -44.14982 -41.45479 -36.02576 -31.14255 -23.84628 -20.24406 -17.99574 -13.05561 -1.917956 0.9745482 1.8458 1.642854 35.57481 51.41996 45.30397 32.74923 -9999 
-1529.542 -1518.774 -1499.501 -1561.494 -1542.928 -1750.112 -1847.618 -1762.455 -1607.296 -1615.974 -1525.017 -1580.487 -1526.207 -1440.272 -1341.147 -1383.118 -1497.828 -1523.127 -1251.87 -944.5231 -696.4966 -676.0436 -845.935 -1159.72 -1209.196 -1162.373 -1078.038 -856.7336 -829.3524 -768.6091 -602.744 -584.1717 -686.5502 -731.6432 -484.8181 -454.622 -225.3461 -135.4762 -120.2445 -110.8076 -100.3176 -100.4813 -96.54372 -94.11417 -93.05482 -90.71095 -88.08346 -88.21532 -87.11767 -84.33137 -80.1203 -77.97801 -75.41539 -74.38395 -72.97408 -72.35123 -73.75835 -72.31683 -83.93675 -105.9638 -81.97503 -69.11163 -63.99846 -61.60374 -54.6289 -52.20443 -48.29125 -43.53299 -37.57186 -28.94772 -22.09699 -19.64758 -15.42998 -8.969346 1.321521 0.48067 10.39608 33.90106 51.87847 48.30303 12.33932 -9999 
-9999 -1576.154 -1592.791 -1684.227 -1641.025 -1849.524 -1879.5 -1684.262 -1668.839 -1727.474 -1668.361 -1649.456 -1566.429 -1492.185 -1500.451 -1521.886 -1573.645 -1542.472 -1211.391 -874.7436 -761.6454 -816.6673 -1147.986 -1316.275 -1244.963 -1089.981 -879.8208 -916.761 -1009.166 -861.9099 -712.2285 -806.6274 -918.5687 -752.5129 -678.0608 -565.8854 -374.7579 -195.3734 -181.0927 -120.0977 -108.1261 -103.157 -99.83678 -97.64264 -95.35395 -93.75266 -93.12749 -90.29805 -89.69954 -89.63776 -87.00495 -83.61865 -80.48128 -80.32909 -78.47006 -80.24121 -79.2416 -81.8657 -92.03526 -159.7917 -98.70967 -77.24507 -72.79181 -68.85435 -59.78457 -59.99992 -56.40844 -51.75571 -43.15739 -36.24449 -26.84557 -21.08878 -17.73047 -12.34034 -1.498476 4.508643 22.85626 40.86613 56.20319 34.1939 4.060718 -9999 
-9999 -1656.994 -1704.673 -1670.561 -1723.736 -1934.851 -1848.823 -1782.809 -1824.177 -1784.715 -1689.743 -1558.188 -1529.935 -1629.478 -1645.802 -1697.745 -1625.495 -1345.839 -1093.403 -921.5447 -845.6302 -880.3969 -1146.37 -1390.155 -1330.441 -1127.318 -939.4141 -1072.997 -1081.208 -869.1917 -932.248 -1043.239 -993.4062 -933.3913 -815.9854 -550.6005 -366.5531 -246.8134 -313.7915 -151.343 -116.0675 -109.6859 -104.5064 -101.596 -98.89766 -98.12044 -96.26012 -95.54229 -92.85947 -90.81173 -89.55732 -89.65318 -89.22865 -85.5825 -84.15314 -85.57213 -87.34068 -89.049 -102.0545 -232.5502 -119.6509 -80.177 -75.9324 -72.09313 -65.40926 -64.99763 -61.80293 -59.33036 -52.1398 -46.07655 -36.35677 -25.8639 -20.16409 -13.98458 -8.089902 4.222589 10.3325 34.20149 49.98961 35.80621 5.041614 -9999 
-9999 -1747.54 -1780.51 -1652.056 -1738.777 -1996.622 -1920.627 -1897.54 -1847.75 -1685.922 -1592.778 -1620.396 -1696.056 -1761.832 -1754.078 -1734.659 -1545.565 -1241.847 -1132.812 -999.8286 -912.6633 -961.8502 -1143.971 -1469.538 -1387.801 -1186.305 -1108.913 -1229.457 -1081.587 -1107.939 -1177.343 -1234.027 -1086.806 -898.5466 -699.9748 -503.7448 -400.5192 -385.9171 -360.7643 -221.6072 -126.6601 -114.3025 -109.7582 -106.0083 -103.0754 -101.0968 -100.1854 -96.84447 -95.83429 -94.21494 -95.06518 -90.81187 -89.99265 -90.82763 -88.07079 -89.24662 -91.38505 -91.62608 -213.3858 -232.3364 -91.09954 -82.42783 -79.13012 -76.30401 -72.15408 -71.69859 -67.01044 -64.86866 -61.52427 -59.07591 -50.2752 -36.08895 -25.26941 -17.15569 -11.87988 0.3171824 4.581281 11.70792 24.66331 40.84208 16.50482 -9999 
-9999 -1832.229 -1766.781 -1693.756 -1667.303 -2020.701 -1966.363 -1869.403 -1812.343 -1797.371 -1670.411 -1692.937 -1786.041 -1824.174 -1799.518 -1674.947 -1519.546 -1366.166 -1180.529 -1051.151 -1015.478 -1072.716 -1244.438 -1523.341 -1491.62 -1320.266 -1307.315 -1370.848 -1252.402 -1329.642 -1325.252 -1088.992 -925.6746 -765.19 -679.1869 -552.3525 -462.1423 -565.7269 -335.4187 -266.2095 -147.6199 -121.6653 -115.955 -112.3209 -109.2753 -104.9691 -101.4182 -99.47355 -99.4376 -98.85555 -95.4011 -93.28287 -92.34509 -90.42093 -89.53157 -90.66297 -106.8761 -217.131 -346.8568 -152.3782 -89.3762 -83.92389 -80.95248 -81.51276 -77.37343 -77.69057 -71.58324 -69.72586 -69.26288 -74.96745 -75.67957 -51.08247 -41.13058 -26.1446 -15.10721 -5.238859 11.7559 12.42224 4.76136 30.67808 34.87054 -9999 
-9999 -1869.301 -1766.984 -1753.565 -1750.082 -2009.182 -2033.814 -1925.564 -1880.506 -1838.733 -1799.026 -1818.937 -1875.616 -1859.569 -1797.793 -1629.332 -1453.047 -1320.228 -1227.71 -1177.069 -1191.013 -1341.978 -1399.107 -1532.724 -1558.118 -1450.944 -1458.651 -1466.629 -1441.014 -1395.061 -1253 -1135.119 -1082.382 -965.0027 -809.4712 -600.2174 -590.2487 -558.3471 -338.6856 -348.561 -219.1439 -137.2033 -123.1903 -117.2759 -111.9683 -107.4731 -105.5052 -102.7971 -101.1136 -100.1651 -97.17062 -92.45146 -92.73258 -90.23472 -94.76643 -138.6713 -379.4496 -434.3115 -252.4651 -93.51807 -87.04593 -87.41813 -85.31203 -86.30571 -82.5155 -81.12319 -77.62931 -74.52434 -73.3074 -82.0568 -125.8317 -64.30997 -79.49606 -34.15189 -21.01076 -11.39226 2.380719 4.706838 -9999 15.66142 9.797549 -9999 
-9999 -1874.099 -1826.135 -1827.63 -1855.043 -1987.617 -2103.341 -1955.91 -1924.237 -1884.47 -1912.617 -1943.904 -1918.85 -1829.89 -1643.429 -1538.848 -1393.614 -1316.729 -1280.018 -1287.086 -1344.124 -1490.692 -1549.172 -1569.494 -1601.79 -1553.823 -1535.927 -1502.357 -1370.155 -1257.092 -1115.207 -987.7529 -834.0393 -765.0488 -877.2438 -763.7961 -711.8362 -498.9656 -364.7364 -417.2712 -324.0517 -186.9231 -151.2785 -130.1508 -116.2716 -111.238 -107.3108 -107.7652 -102.9406 -100.1894 -97.834 -96.59834 -93.89422 -91.42896 -123.3992 -337.6616 -529.7816 -294.0724 -94.07404 -89.52893 -88.59395 -89.03777 -86.39439 -86.71252 -88.06446 -115.008 -97.19804 -77.11337 -74.86349 -81.84576 -159.7003 -122.7749 -111.3951 -41.47902 -27.26822 -18.62372 -5.708766 0 -9999 -9999 -9999 -9999 
-9999 -1849.265 -1850.788 -1870.045 -1919.69 -2052.642 -2127.523 -2034.501 -1960.482 -1975.227 -2000.674 -1983.058 -1885.815 -1777.619 -1671.198 -1533.521 -1421.075 -1365.176 -1343.913 -1419.523 -1505.88 -1615.37 -1663.571 -1676.281 -1678.6 -1591.635 -1407.561 -1160.843 -1003.368 -900.8222 -833.3164 -755.5938 -712.9507 -627.2633 -572.3265 -564.3777 -487.6129 -417.8589 -414.8665 -479.266 -440.5002 -313.8231 -226.9215 -151.2493 -138.3521 -127.9722 -129.0729 -171.0825 -107.296 -98.46777 -97.05943 -100.7457 -157.986 -295.7513 -416.4347 -411.8431 -561.3645 -282.6043 -96.03822 -94.54142 -92.78965 -99.02462 -94.41721 -89.49513 -92.03825 -220.8699 -169.4559 -115.949 -158.6628 -156.4904 -223.5278 -161.808 -68.69296 -41.24708 -43.27625 -69.27092 -36.35754 -9999 6.961551 2.940143 6.561514 -9999 
-9999 -1914.079 -1889.503 -1961.086 -2030.915 -2030.181 -2127.348 -2128.547 -2058.209 -2070.459 -1985.834 -1886.084 -1769.392 -1674 -1605.9 -1516.176 -1459.203 -1425.407 -1419.912 -1541.385 -1667.326 -1660.448 -1697.333 -1742.025 -1720.147 -1447.607 -1200.356 -960.6068 -873.6015 -819.6733 -747.1164 -681.4915 -623.11 -577.1878 -526.2252 -470.5314 -442.1315 -434.4598 -494.9727 -592.2501 -516.309 -419.9502 -278.8737 -231.4825 -196.1184 -188.6711 -224.3015 -466.9362 -299.4901 -129.8519 -103.3386 -307.5548 -463.4019 -536.3618 -561.8722 -483.1536 -616.5277 -313.7808 -107.3559 -122.9273 -239.2912 -266.8818 -184.7495 -206.0862 -242.1547 -445.2929 -437.3573 -376.2786 -304.1148 -343.063 -310.0826 -203.6247 -128.8282 -109.3601 -126.3771 -25.21709 -7.193931 1.136327 0.4281268 0.940465 13.14234 -9999 
-9999 -1967.578 -1948.54 -1986.373 -2120.717 -2129.447 -2153.792 -2186.835 -2122.013 -2006.48 -1839.674 -1763.996 -1710.684 -1669.443 -1639.341 -1576.676 -1516.508 -1507.362 -1540.955 -1621.656 -1749.735 -1742.338 -1756.363 -1751.679 -1560.09 -1251.226 -1091.353 -945.8043 -862.2473 -792.4585 -719.867 -664.1346 -604.1748 -555.012 -515.8154 -484.4161 -463.5547 -477.2198 -619.391 -716.5375 -657.8809 -545.7015 -382.1129 -348.4218 -338.7243 -346.2611 -416.3418 -650.1245 -591.9241 -240.5484 -163.6729 -527.6332 -577.95 -722.6697 -681.2229 -658.5352 -577.8516 -346.5632 -287.6565 -330.6767 -454.7884 -431.7921 -389.2709 -500.0668 -393.7723 -490.7221 -389.4772 -364.3441 -331.7872 -258.9772 -212.1562 -207.6325 -228.0611 -161.254 -31.63561 -14.91213 -9999 4.201263 3.427675 2.313686 0.8385162 -9999 
-9999 -2007.773 -2003.791 -2020.927 -2088.125 -2181.867 -2205.504 -2211.685 -2118.797 -2006.359 -1952.562 -1803.174 -1767.33 -1707.692 -1678.343 -1657.875 -1640.837 -1633.853 -1713.986 -1760.031 -1797.432 -1803.247 -1799.386 -1675.185 -1419.89 -1313.2 -1087.338 -939.6412 -856.8291 -779.9343 -716.0126 -667.3815 -619.2919 -575.1191 -538.4672 -507.8564 -492.7896 -528.6785 -746.9183 -813.6767 -799.2405 -748.7244 -535.8816 -479.6522 -494.5107 -606.1954 -621.9446 -796.729 -736.6859 -425.2682 -302.1385 -609.1675 -918.5475 -1024.131 -904.1252 -901.5847 -631.0123 -511.0036 -515.7929 -550.325 -700.1509 -692.4078 -670.1249 -626.1427 -500.7302 -521.1028 -377.0404 -178.2512 -122.8004 -101.2778 -83.21616 -69.99682 -51.38623 -37.07956 -21.03846 -11.42072 1.13935 4.604162 2.932076 1.130934 2.215678 -9999 
-9999 -2071.542 -2080.199 -2111.223 -2147.821 -2201.649 -2233.747 -2227.266 -2135.963 -2034.951 -1942.198 -1871.463 -1828.799 -1758.987 -1727.642 -1703.615 -1688.616 -1761.068 -1807.774 -1880.851 -1855.707 -1844.599 -1756.684 -1571.71 -1296.858 -1159.119 -1097.528 -944.5326 -861.3206 -789.6742 -733.558 -685.6891 -644.2084 -608.2737 -576.1735 -551.201 -539.6366 -568.7737 -805.3347 -929.9297 -915.7758 -916.4946 -846.7631 -701.7726 -649.1388 -822.1125 -844.5062 -965.5535 -736.5844 -549.2886 -470.8985 -878.2751 -1057.411 -923.6767 -933.3111 -914.3806 -918.6188 -800.5405 -613.9287 -747.6743 -640.598 -527.4678 -481.1063 -472.2454 -539.1075 -558.7679 -376.9081 -186.1811 -95.87181 -78.39729 -64.98863 -51.88311 -36.43185 -29.32303 -17.65301 -8.768146 4.329857 1 1.024399 1.3209 1.816437 -9999 
-9999 -2121.032 -2146.442 -2173.529 -2207.88 -2237.686 -2256.489 -2243.644 -2173.113 -2088.208 -1987.29 -1934.577 -1859.273 -1806.946 -1775.514 -1734.733 -1783.233 -1847.579 -1901.612 -1923.667 -1911.923 -1801.258 -1608.765 -1433.678 -1237.53 -1127.728 -1036.325 -953.6217 -878.003 -808.6407 -757.5937 -716.3503 -678.8517 -648.0936 -623.3547 -608.4805 -605.7555 -628.2853 -785.8922 -1013.217 -1011.191 -1101.202 -1118.748 -936.6452 -849.806 -950.8964 -1096.42 -1005.209 -801.8161 -730.308 -611.6985 -956.3347 -960.0264 -849.2056 -717.034 -641.0974 -700.8972 -858.0646 -735.0346 -746.7009 -435.8912 -321.3444 -324.1442 -377.8735 -348.4966 -310.0045 -252.8001 -194.9367 -89.127 -73.42688 -60.59596 -46.34524 -32.63872 -20.87611 -13.60168 -6.76042 3.819806 1 1 1.009874 4.760704 -9999 
-9999 -2193.089 -2166.09 -2218.813 -2245.874 -2284.656 -2275.53 -2263.171 -2161.354 -2057.408 -2027.967 -1981.81 -1893.285 -1855.077 -1824.235 -1827.03 -1897.9 -1943.891 -1971.273 -1944.704 -1811.001 -1603.854 -1540.468 -1399.099 -1286.904 -1114.305 -1035.321 -972.9634 -907.4235 -844.462 -792.643 -751.0587 -721.299 -697.512 -682.342 -670.3911 -673.4229 -686.2149 -728.9193 -933.908 -1155.179 -1195.08 -1216.51 -1182.554 -1081.828 -1144.391 -1242.747 -1018.337 -961.0397 -824.6792 -608.4592 -970.8162 -1106.348 -953.5339 -779.3045 -708.1942 -644.3457 -835.6735 -803.0806 -502.8845 -238.3895 -131.9224 -112.1069 -152.007 -121.2824 -181.9116 -89.98776 -87.11546 -78.42226 -68.09535 -57.30634 -42.40213 -27.6562 -18.21579 -10.90763 -2.585154 2.538132 1.831312 1.083991 2.977052 2.343805 -9999 
-9999 -2263.618 -2200.371 -2252.738 -2278.015 -2311.656 -2294.036 -2271.027 -2171.794 -2115.396 -2065.327 -1985.823 -1931.682 -1886.361 -1843.151 -1909.905 -1996.645 -2015.358 -1977.695 -1887.756 -1756.303 -1619.223 -1467.146 -1309.36 -1213.521 -1113.629 -1049.176 -995.5922 -944.3211 -891.9904 -842.4769 -805.5717 -780.0794 -770.4777 -779.2155 -794.8707 -776.5565 -746.524 -799.5686 -860.393 -1051.814 -1243.302 -1282.564 -1263.009 -1235.77 -1316.687 -1275.334 -1096.914 -872.7335 -679.7352 -583.3578 -865.9808 -1164.453 -1111.11 -945.2963 -847.7078 -681.3638 -578.4411 -497.048 -208.7443 -109.397 -103.2146 -102.0358 -98.94604 -95.98412 -93.0489 -88.78168 -83.3754 -75.6036 -66.0526 -54.06928 -39.86678 -26.89284 -17.18971 -9.796393 -0.2444322 3.672297 1.759984 2.452559 2.553857 2.913222 -9999 
-9999 -2312.931 -2275.418 -2308.825 -2331.11 -2309.982 -2305.478 -2279.607 -2206.513 -2136.532 -2059.05 -2007.637 -1960.36 -1937.415 -1957.266 -2021.865 -2052.694 -2013.799 -1889.182 -1802.281 -1692.81 -1617.421 -1466.652 -1331.032 -1231.989 -1140.514 -1076.234 -1026.75 -980.9548 -942.0936 -905.7307 -877.7245 -871.1017 -886.4627 -889.904 -855.8047 -793.3553 -748.9393 -781.0657 -835.0497 -947.0248 -1139.826 -1318.482 -1375.782 -1399.101 -1422.204 -1227.489 -1136.2 -1021.925 -770.1215 -689.2464 -692.4277 -996.7864 -1225.184 -1124.831 -893.4619 -711.4189 -488.5722 -285.9139 -125.3956 -107.3446 -104.4494 -101.2517 -98.15816 -94.21937 -90.83376 -86.87072 -81.34335 -72.57186 -64.42964 -53.97897 -39.21872 -25.93509 -16.95431 -9.910986 0.3900564 0.6067076 1.563413 2.013174 2.988947 2.65017 -9999 
-9999 -2348.193 -2350.431 -2349.549 -2358.957 -2329.916 -2315.604 -2287.343 -2232.801 -2117.925 -2074.775 -2035.441 -2005.518 -1999.705 -2035.854 -2078.816 -2043.258 -1943 -1852.557 -1657.608 -1546.219 -1461.043 -1418.415 -1329.392 -1243.033 -1163.751 -1108.817 -1066.61 -1024.742 -994.1359 -972.016 -962.7405 -960.8376 -960.4031 -920.39 -848.6801 -802.1105 -771.8339 -775.7208 -910.2172 -1044.636 -1189.037 -1317.534 -1415.816 -1445.399 -1429.009 -1351.776 -1282.007 -1151.057 -953.8475 -744.4097 -651.1065 -892.2394 -1154.23 -1251.447 -881.1277 -665.782 -475.462 -208.3528 -114.1021 -108.2263 -104.3423 -100.9118 -97.91824 -94.02259 -89.88174 -85.34284 -79.06934 -72.07766 -65.76359 -54.9939 -39.84293 -28.48414 -18.48916 -11.00306 1.853091 1 0.8041999 1.48318 2.771874 2.780981 -9999 
-9999 -2378.571 -2384.362 -2388.541 -2365.232 -2348.519 -2323.575 -2285.909 -2240.258 -2145.751 -2100.314 -2071.59 -2041.212 -2062.067 -2104.183 -2085.615 -2004.595 -1920.017 -1805.978 -1606.047 -1485.581 -1429.198 -1382.224 -1316.536 -1246.765 -1185.467 -1139.228 -1101.592 -1071.045 -1046.638 -1029.148 -1020.796 -1018.067 -1002.355 -924.6819 -865.1133 -824.4251 -791.3182 -774.5733 -827.2869 -1125.383 -1251.398 -1392.297 -1463.86 -1528.946 -1517.463 -1481.179 -1416.474 -1317.913 -1087.385 -865.6693 -725.367 -823.624 -1077.573 -1257.378 -1164.812 -714.4677 -468.1301 -235.8833 -111.4027 -107.1321 -103.9684 -100.64 -97.39897 -93.6171 -89.28365 -84.92529 -78.3097 -72.30313 -64.15533 -53.81113 -41.55752 -31.18385 -21.26222 -13.73081 6.761522 4.932382 13.719 2.922499 0.5397828 3 -9999 
-9999 -2421.053 -2410.694 -2396.527 -2364.301 -2335.214 -2312.199 -2280.554 -2246.18 -2192.757 -2114.515 -2092.755 -2112.192 -2125.983 -2105.867 -2073.63 -2044.14 -1956.243 -1802.233 -1634.693 -1524.478 -1440.261 -1389.296 -1330.945 -1268.17 -1211.894 -1170.943 -1137.508 -1110.391 -1090.965 -1078.57 -1068.552 -1057.138 -1022.733 -944.7963 -896.6612 -857.715 -828.121 -808.2236 -928.6894 -1141.68 -1285.154 -1449.502 -1586.378 -1632.707 -1653.316 -1574.255 -1489.925 -1395.204 -1216.237 -1115.396 -867.4478 -857.5491 -1045.777 -1411.862 -1200.148 -628.9815 -345.139 -153.8332 -109.6791 -104.6385 -103.1641 -99.93336 -96.63599 -92.84405 -88.32921 -88.83702 -78.15955 -72.51176 -64.64763 -55.27152 -43.56842 -33.27481 -23.02147 -15.29849 6.700965 5.019556 24.89936 25.1078 1.02804 5.034693 -9999 
-9999 -2446.638 -2421.323 -2383.207 -2358.628 -2340.839 -2322.395 -2291.199 -2258.74 -2208.976 -2140.732 -2114.158 -2143.49 -2141.674 -2098.588 -2053.807 -1963.201 -1911.396 -1809.773 -1659.87 -1542.324 -1460.703 -1402.713 -1349.026 -1284.999 -1241.222 -1205.766 -1174.753 -1149.854 -1131.044 -1120.258 -1111.854 -1094.705 -1040.841 -976.0467 -946.6053 -903.6352 -879.2607 -864.19 -909.3286 -1167.678 -1248.188 -1375.172 -1594.954 -1716.636 -1770.588 -1700.998 -1606.994 -1442.372 -1371.656 -1238.257 -1122.428 -1177.545 -1273.224 -1437.116 -1063.486 -589.5957 -288.4352 -148.5289 -110.3007 -106.0067 -101.9471 -98.81973 -95.54813 -91.8545 -90.42944 -85.2365 -80.32451 -74.14841 -66.71965 -59.21956 -49.07809 -37.75967 -26.56347 -15.45436 14.28502 11.88233 24.7453 28.64758 32.91425 3.058814 -9999 
-9999 -2435.347 -2414.37 -2395.075 -2380.077 -2366.496 -2335.379 -2311.224 -2275.472 -2239.999 -2174.451 -2153.74 -2178.096 -2134.062 -2061.037 -1982.69 -1880.696 -1849.063 -1725.154 -1604.051 -1544.761 -1480.37 -1431.068 -1367.719 -1306.711 -1265.25 -1236.129 -1212.885 -1190.421 -1172.824 -1160.803 -1143.403 -1125.475 -1070.731 -1021.525 -995.65 -979.2963 -939.5167 -932.5784 -915.7723 -1005.234 -1246.828 -1406.969 -1571.251 -1790.719 -1846.219 -1835.912 -1793.908 -1710.36 -1546.467 -1432.726 -1366.19 -1372.035 -1440.505 -1372.791 -828.1102 -353.8493 -220.3036 -117.8274 -103.8841 -102.2992 -99.74725 -97.68466 -94.61817 -90.9903 -87.21255 -86.28389 -79.54179 -73.6653 -67.33769 -59.56341 -51.09919 -41.22942 -28.25877 -15.78513 18.83555 11.53119 22.60692 31.95233 46.97015 23.49867 -9999 
-9999 -2438.934 -2411.423 -2371.615 -2327.331 -2322.794 -2301.64 -2299.138 -2292.543 -2265.08 -2221.933 -2209.506 -2175.885 -2104.652 -1997.912 -1907.301 -1813.544 -1732.836 -1699.179 -1634.649 -1572.057 -1507.507 -1447.134 -1386.433 -1332.408 -1291.879 -1261.771 -1240.942 -1226.125 -1218.921 -1201.109 -1175.649 -1153.706 -1104.974 -1075.427 -1055.1 -1045.672 -1032.099 -966.6963 -964.317 -1000.955 -1071.944 -1242.231 -1541.249 -1841.827 -1880.07 -1810.068 -1689.922 -1746.59 -1740.07 -1675.862 -1623.929 -1593.715 -1409.9 -985.314 -522.7312 -166.5222 -120.8707 -108.033 -103.8871 -100.745 -94.67057 -96.5586 -93.45177 -90.73796 -87.86539 -82.78326 -79.96805 -74.75265 -68.26208 -62.98151 -53.2401 -43.25692 -27.69261 -13.96357 20.52908 18.07064 25.14762 36.83313 38.05471 25.14702 -9999 
-9999 -2400.984 -2378.685 -2358.458 -2281.801 -2263.197 -2239.147 -2205.604 -2129.866 -2205.596 -2226.876 -2199.167 -2117.038 -2011.004 -1865.32 -1859.016 -1817.921 -1743.498 -1689.525 -1639.309 -1592.114 -1539.871 -1471.511 -1407.345 -1355.603 -1317.847 -1288.753 -1269.391 -1256.948 -1269.867 -1240.313 -1209.633 -1190.684 -1161.141 -1149.056 -1145.398 -1130.292 -1052.194 -1015.187 -1015.779 -1024.258 -1074.82 -1199.715 -1396.594 -1810.34 -1920.387 -1823.751 -1480.096 -1347.057 -1393.797 -1394.079 -1243.504 -1092.738 -887.3392 -599.6469 -302.0638 -122.5309 -110.902 -105.7108 -102.7324 -99.21363 -96.22065 -93.85825 -91.52985 -88.61702 -87.10867 -80.77854 -79.11796 -75.8593 -67.27364 -62.11658 -51.94872 -40.20695 -25.65332 -8.538967 10.16793 12.04346 30.9058 38.94728 42.32011 19.08402 -9999 
-9999 -2290.32 -2273.452 -2290.893 -2232.333 -2200.73 -2197.868 -2154.188 -2058.925 -2056.519 -2007.16 -1993.657 -1905.221 -1876.555 -1842.719 -1810.765 -1776.487 -1742.902 -1708.908 -1671.167 -1634.933 -1570.372 -1491.669 -1421.929 -1372.395 -1340.229 -1319.169 -1302.874 -1292.036 -1308.532 -1279.805 -1245.81 -1240.619 -1244.116 -1244.967 -1189.645 -1110.643 -1069.84 -1049.183 -1043.02 -1053.009 -1125.515 -1282.694 -1493.361 -1760.721 -1948.706 -1885.757 -1592.637 -1443.337 -1149.472 -942.9524 -756.1591 -621.5427 -539.5602 -314.4124 -152.7021 -116.8975 -108.2777 -103.2999 -100.8099 -97.46654 -94.54166 -92.04663 -90.70855 -85.87092 -85.72714 -79.79592 -77.33383 -74.27828 -65.74953 -59.44864 -49.17337 -36.00893 -22.35058 8.761567 19.52042 28.47027 32.75373 47.31595 40.8174 39.76367 -9999 
-9999 -2225.947 -2189.042 -2166.875 -2126.986 -2100.657 -2114.572 -2079.149 -2031.458 -1994.691 -1974.3 -1961.881 -1929.151 -1922.874 -1895.574 -1860.239 -1825.082 -1783.391 -1745.95 -1708.233 -1661.535 -1588.358 -1503.522 -1435.459 -1396.634 -1394.315 -1353.666 -1344.017 -1337.546 -1338.985 -1328.326 -1293.931 -1296.974 -1298.662 -1257.312 -1185.451 -1138.911 -1098.037 -1076.552 -1085.325 -1105.45 -1263.369 -1467.635 -1639.209 -1940.751 -2004.552 -1911.961 -1742.005 -1574.77 -1270.23 -1067.221 -831.095 -665.2247 -543.4705 -330.8182 -147.5729 -111.2629 -106.6211 -102.1735 -99.00776 -95.90668 -93.04771 -90.37076 -88.2858 -85.18556 -82.57995 -78.18554 -74.84594 -70.52019 -62.36204 -55.826 -43.8235 -32.21846 -18.64298 11.68656 33.22754 30.04185 45.66039 52.68264 48.88632 45.94951 -9999 
-9999 -2227.887 -2200.868 -2168.146 -2126.337 -2178.584 -2182.974 -2152.493 -2039.92 -2043.978 -2018.975 -2034.717 -2011.108 -2000.155 -1955.561 -1926.935 -1874.5 -1828.996 -1781.938 -1732.995 -1683.762 -1604.138 -1519.124 -1462.91 -1494.052 -1464.019 -1394.609 -1393.716 -1389.229 -1371.625 -1400.954 -1360.276 -1339.72 -1341.016 -1300.627 -1238.109 -1181.713 -1137.268 -1117.55 -1138.98 -1173.515 -1293.227 -1597.266 -1811.986 -2065.036 -1967.615 -1673 -1675.569 -1731.991 -1474.251 -1020.135 -688.5313 -550.8432 -394.8659 -240.1627 -123.199 -110.7394 -103.5513 -99.74007 -97.43401 -93.11094 -89.05367 -86.61716 -84.51066 -83.65006 -81.10295 -76.57439 -71.57687 -66.87617 -60.55466 -51.16714 -38.67994 -26.88276 -11.9396 27.65926 40.71636 50.37962 57.49514 61.16179 59.36739 60.57582 -9999 
-9999 -2249.195 -2221.495 -2185.381 -2214.591 -2271.87 -2246.124 -2172.667 -2104.698 -2084.187 -2101.9 -2124.298 -2077.865 -2061.671 -2026.422 -1962.066 -1909.338 -1858.971 -1807.219 -1749.849 -1709.247 -1713.933 -1620.162 -1572.517 -1664.373 -1517.992 -1458.588 -1442.625 -1426.896 -1423.781 -1431.456 -1416.954 -1374.193 -1360.451 -1360.682 -1285.115 -1227.701 -1185.302 -1183.279 -1312.493 -1275.658 -1349.813 -1581.175 -1860.207 -2103.834 -1956.012 -1597.367 -1475.033 -1653.118 -1452.916 -1141.25 -829.3793 -507.6134 -350.5629 -205.8886 -117.0017 -105.1989 -101.0306 -94.56348 -90.69456 -81.62307 -76.03329 -74.24608 -70.94098 -73.67149 -77.06453 -74.24245 -69.2099 -64.34581 -55.92507 -46.2128 -33.08886 -21.08441 6.572423 41.2297 55.58776 67.92476 81.46082 83.94311 87.60206 88.89606 -9999 
-9999 -2268.378 -2247.259 -2235.48 -2336.68 -2351.435 -2312.527 -2224.944 -2256.437 -2194.091 -2215.123 -2185.164 -2150.324 -2123.399 -2097.887 -2013.517 -1951.738 -1888.268 -1858.168 -1843.394 -1855.362 -1761.887 -1756.698 -1815.268 -1741.728 -1564.227 -1610.254 -1544.816 -1523.717 -1530.853 -1500.339 -1429.709 -1392.009 -1406.586 -1417.391 -1369.601 -1285.335 -1242.958 -1284.156 -1513.142 -1470.266 -1670.576 -1856.15 -2084.239 -2116.004 -1775.742 -1535.796 -1387.667 -1583.412 -1333.637 -1116.234 -750.8091 -447.4321 -266.7849 -141.5917 -111.8236 -100.7495 -92.90128 -85.66932 -66.94222 -60.23714 -58.20191 -38.19133 -45.35231 -53.19817 -69.62063 -71.25764 -66.4469 -61.34216 -52.14639 -39.02905 -27.76587 -15.09141 25.98985 48.23299 70.76668 91.23055 109.8924 103.5596 104.3223 102.6954 -9999 
-9999 -2320.285 -2301.778 -2405.921 -2479.687 -2441.35 -2306.295 -2322.052 -2359.542 -2321.229 -2276.519 -2225.658 -2192.87 -2156.68 -2289.746 -2039.898 -1976.68 -1933.684 -2013.139 -1966.481 -1940.804 -1820.225 -1997.489 -1900.824 -1723.611 -1722.853 -1729.326 -1698.934 -1651.752 -1571.925 -1480.153 -1431.039 -1415.067 -1415.613 -1432.539 -1424.021 -1357.128 -1321.212 -1419.871 -1614.865 -1707.288 -1973.825 -2115.891 -2169.41 -2064.84 -1785.201 -1474.675 -1277.425 -1533.198 -1236.525 -961.7097 -745.004 -453.5839 -270.1623 -133.3261 -107.9948 -96.58578 -84.52519 -68.06387 -42.35096 -51.26157 -29.7548 -5.940746 -9.142146 -27.5901 -59.10288 -66.83987 -64.88667 -56.71061 -47.14624 -33.15767 -21.14581 0.5072414 38.89164 59.83889 94.00095 100.4702 102.9315 111.0523 108.0943 144.1939 -9999 
-9999 -2370.132 -2403.635 -2476.025 -2516.886 -2510.452 -2421.511 -2444.705 -2408.729 -2383.12 -2336.79 -2318.247 -2306.469 -2305.657 -2417.056 -2351.594 -2163.795 -2121.52 -2120.096 -2107.39 -2036.639 -1952.64 -2140.906 -2079.095 -1926.494 -1910.969 -1810.189 -1795.622 -1648.07 -1534.349 -1577.225 -1516.889 -1469.195 -1440.157 -1458.113 -1461.205 -1430.137 -1382.334 -1472.412 -1750.305 -2024.389 -2190.033 -2169.148 -1937.209 -1814.622 -1636.994 -1425.98 -1143.244 -1374.225 -1351.705 -1031.002 -852.1661 -498.547 -263.7366 -132.753 -104.4731 -92.44789 -73.98211 -54.88034 -47.24181 -37.7308 -20.0812 13.90548 26.77666 -13.32245 -32.48772 -56.21107 -53.14548 -49.95376 -39.3779 -26.03085 -13.08804 26.54636 49.20908 93.21234 124.1202 136.6598 125.5073 123.7912 150.5173 173.0915 -9999 
-9999 -2434.974 -2508.588 -2531.048 -2566.208 -2580.513 -2613.585 -2644.224 -2571.408 -2588.659 -2576.863 -2435.529 -2446.807 -2469.223 -2520.331 -2531.994 -2472.571 -2482.638 -2484.981 -2369.562 -2386.489 -2499.917 -2601.985 -2587.11 -2466.43 -2114.327 -2011.666 -1834.225 -1677.383 -1643.958 -1668.572 -1611.032 -1540.948 -1498.35 -1541.997 -1521.613 -1465.889 -1443.744 -1585.661 -1869.668 -2247.844 -2232.523 -1958.938 -1809.926 -1647.644 -1600.759 -1516.871 -1229.759 -1112.246 -1408.921 -1273.578 -1078.68 -705.2991 -442.6725 -136.0457 -98.22601 -79.49945 -58.42253 -48.58004 -35.8816 -27.23862 -11.06622 24.15434 52.09146 21.34018 -7.440217 -27.61329 -41.21407 -38.57084 -29.01558 -17.3174 -9999 37.70708 51.61737 110.25 157.6598 149.0943 137.2844 143.529 136.0469 130.2373 -9999 
-9999 -2562.791 -2593.264 -2577.075 -2648.866 -2652.164 -2687.797 -2706.942 -2741.867 -2749.324 -2693.481 -2699.382 -2709.722 -2750.609 -2789.569 -2806.917 -2797.055 -2813.769 -2805.414 -2788.132 -2779.41 -2770.935 -2748.442 -2735.818 -2635.668 -2429.19 -2029.111 -1913.65 -1896.728 -1851.607 -1805.453 -1647.894 -1543.616 -1565.183 -1649.503 -1588.853 -1501.098 -1599.78 -1793.124 -2092.707 -2265.914 -2171.216 -2033.211 -1850.055 -1685.089 -1561.504 -1459.166 -1198.009 -960.2833 -1070.87 -1277.503 -1107.998 -776.0485 -413.4755 -141.3109 -94.69373 -71.62925 -55.5027 -43.76318 -27.25464 -11.22621 1.044723 25.71953 62.0293 58.25814 42.66331 -2.767524 -25.81089 -24.95149 -18.12552 -2.013122 14.22886 26.58771 68.94128 111.1694 151.0964 163.653 145.2049 155.2306 164.9698 152.3178 -9999 
-9999 -2620.563 -2643.001 -2680.427 -2719.298 -2806.659 -2814.126 -2876.742 -2870.609 -2885.669 -2895.161 -2898.232 -2887.057 -2871.293 -2860.61 -2850.553 -2838.299 -2824.597 -2812.543 -2798.475 -2780.518 -2751.303 -2727.959 -2713.232 -2715.95 -2622.299 -2435.667 -2199.607 -2108.744 -2043.869 -1890.789 -1676.064 -1664.339 -1679.15 -1730.948 -1571.931 -1538.041 -1697.027 -2035.215 -2281.729 -2290.223 -2142.669 -2017.652 -1797.644 -1699.2 -1572.086 -1440.664 -1226.857 -1052.613 -1026.245 -1278.566 -995.7987 -792.3537 -605.9771 -251.1108 -88.3801 -61.32744 -46.16753 -36.9107 -19.37669 3.571582 9.158064 45.9696 90.8369 128.102 84.8037 23.09687 -10.63383 -11.81317 1.610251 3.283576 19.01674 37.45441 81.37277 118.1756 138.3051 154.9753 173.1143 168.9406 183.4222 212.2934 -9999 
-9999 -2734.136 -2803.118 -2891.281 -2937.219 -2926.102 -2922.937 -2944.05 -2938.486 -2930.249 -2914.107 -2902.101 -2892.776 -2886.643 -2875.614 -2863.215 -2847.401 -2828.006 -2809.044 -2775.4 -2716.792 -2686.851 -2739.382 -2718.528 -2702.471 -2694.948 -2583.984 -2437.233 -2267.621 -2187.251 -1948.715 -1777.369 -1837.682 -1853.758 -1683.753 -1559.582 -1632.997 -1947.594 -2183.547 -2306.135 -2297.455 -2026.219 -1855.236 -1743.025 -1602.468 -1519.141 -1451.652 -1311.642 -1056.741 -918.1428 -1194.204 -1037.67 -616.9733 -449.8099 -172.8439 -90.84658 -64.82169 -50.76696 -32.34143 -12.4593 21.27892 50.57722 57.81425 124.1763 197.4161 77.88091 15.39387 3.050861 5.784395 6.177301 18.80692 25.28903 48.12243 73.58503 92.40337 126.1671 156.5376 180.1377 193.2911 228.7513 221.4285 -9999 
-9999 -2944.162 -2956.745 -2958.714 -2967.152 -2968.509 -2961.253 -2953.827 -2946.065 -2937.064 -2931.943 -2921.024 -2912.051 -2904.122 -2889.207 -2870.164 -2840.333 -2753.977 -2709.785 -2667.176 -2556.917 -2534.168 -2555.91 -2658.084 -2697.896 -2685.299 -2643.288 -2518.074 -2447.16 -2270.174 -2132.142 -2018.379 -2005.193 -1850.532 -1685.463 -1630.632 -1793.595 -2120.219 -2263.366 -2341.399 -2236.898 -2106.436 -1973.92 -1867.901 -1719.281 -1642.303 -1558.625 -1355.565 -1027.452 -756.0912 -842.1956 -1147.225 -680.1292 -476.7759 -260.9247 -98.2662 -70.45487 -52.49411 -25.03424 -10.37048 20.68489 67.62111 109.0359 147.5094 187.6419 81.95279 39.90635 18.65809 16.76017 31.71286 46.89708 51.67323 66.62897 60.59788 81.47592 119.307 149.3354 204.6203 236.9053 249.6285 241.8185 -9999 
-9999 -3005.109 -3005.297 -3001.453 -2993.78 -2982.875 -2974.799 -2968.147 -2956.562 -2951.113 -2946.359 -2931.225 -2892.802 -2694.941 -2478.38 -2393.913 -2555.988 -2509.022 -2493.315 -2344.239 -2330.664 -2406.699 -2200.533 -2394.93 -2581.651 -2674.999 -2664.185 -2571.109 -2448.69 -2344.555 -2265.332 -2149.449 -2052.243 -1851.052 -1744.229 -1872.698 -1985.299 -2222.324 -2335.962 -2369.981 -2150.823 -1991.855 -1750.352 -1640.673 -1537.833 -1435.825 -1351.32 -1233.265 -971.8813 -730.7704 -898.2266 -1071.314 -794.0538 -464.7328 -425.4694 -313.1207 -135.7358 -47.41882 -8.135293 8.102654 58.01369 75.44654 144.3817 207.3806 186.4161 115.4343 67.03233 52.28257 57.58369 46.73828 58.08132 72.29256 79.41455 51.6909 75.13493 115.4698 160.8041 209.7171 228.3363 192.9532 226.5804 -9999 
-9999 -3033.042 -3026.131 -3018.03 -3013.67 -3003.026 -2992.874 -2982.665 -2912.407 -2871.475 -2771.659 -2697.854 -2641.714 -2507.281 -2340.835 -2265.775 -2183.094 -2321.154 -2324.435 -2177.992 -2055.671 -2135.193 -1917.257 -2139.728 -2119.465 -2423.527 -2647.714 -2632.619 -2560.431 -2420.471 -2326.418 -2227.613 -2212.625 -1956.4 -1961.273 -2135.213 -2293.928 -2362.733 -2396.406 -2195.24 -1973.694 -1779.333 -1567.746 -1400.444 -1338.985 -1265.396 -1157.672 -1042.607 -918.0496 -826.3088 -777.9986 -1011.958 -774.1231 -522.0237 -397.7464 -278.2589 -84.45272 -57.08433 -9.85035 56.65314 39.68137 84.15061 114.9081 163.6731 146.3588 204.3442 150.525 133.7158 98.08414 96.87563 102.9178 183.2202 106.1722 84.19081 65.12089 76.90146 120.3858 136.3744 147.9101 134.5156 173.48 -9999 
-9999 -3050.567 -3042.111 -3030.82 -2999.972 -2900.271 -2849.835 -2814.426 -2792.172 -2706.947 -2673.253 -2565.459 -2440.335 -2338.676 -2268.452 -2173.61 -2026.231 -2020.266 -1989.505 -1971.473 -1803.731 -1835.568 -1746.068 -1833.243 -1917.421 -1988.252 -2419.088 -2624.725 -2609.589 -2588.324 -2553.434 -2482.284 -2459.326 -2307.812 -2378.104 -2421.441 -2432.732 -2430.669 -2323.746 -1997.891 -1782.046 -1626.215 -1494.197 -1377.594 -1298.684 -1262.473 -1272.665 -1164.164 -1034.88 -912.9257 -788.8459 -937.7468 -889.353 -680.6998 -496.4857 -390.9491 -201.8912 -70.49931 -46.36032 -9.618279 40.96549 7.729393 43.30018 114.2683 155.47 199.8361 229.6906 195.0418 199.3795 208.929 170.5631 216.5345 164.2661 181.6165 185.4214 127.674 209.2626 222.7531 118.2992 173.0749 173.945 -9999 
-9999 -3040.489 -3001.819 -2970.871 -2915.222 -2855.103 -2805.211 -2775.178 -2765.13 -2704.562 -2564.057 -2435.259 -2324.765 -2232.826 -2166.986 -2120.652 -1960.031 -1812.937 -1772.873 -1845.77 -1782.597 -1688.367 -1678.766 -1751.752 -1795.16 -1880.341 -2100.968 -2458.235 -2599.397 -2588.059 -2567.015 -2548.226 -2528.975 -2510.55 -2492.629 -2473.688 -2418.186 -2334.905 -2176.958 -2054.976 -1989.313 -1898.108 -1810.568 -1608.941 -1491.342 -1538.703 -1519.545 -1383.537 -1213.034 -977.7402 -750.0182 -660.3353 -887.6981 -825.4114 -653.7137 -516.8065 -451.3661 -227.6881 -64.77302 -24.91023 -22.95323 -21.10069 -6.560879 45.98001 113.7326 102.135 124.1087 130.9918 215.4998 217.1423 230.1994 223.4735 234.0448 235.4177 254.1061 212.954 210.4468 263.3534 272.1974 310.4137 250.7807 -9999 
-9999 -2984.185 -2960.082 -2938.008 -2902.791 -2868.258 -2831.399 -2755.121 -2702.392 -2658.198 -2553.462 -2386.417 -2274.288 -2186.629 -2109.781 -2027.891 -1884.169 -1784.138 -1697.314 -1666.625 -1646.525 -1626.464 -1608.382 -1708.346 -1737.872 -1777.224 -1819.553 -2137.15 -2317.23 -2444.431 -2518.931 -2537.818 -2520.057 -2490.097 -2440.185 -2286.52 -2202.228 -2115.986 -2050.11 -1911.143 -1951.388 -1913.009 -1928.106 -1873.372 -1730.433 -1583.386 -1414.603 -1262.703 -1060.405 -908.1175 -753.4649 -618.3925 -532.0022 -651.8203 -810.5221 -765.9034 -520.03 -113.2744 -62.03606 -62.03762 -98.47285 -52.53899 -14.8115 25.63131 58.00223 60.26178 104.1046 109.8998 152.0066 105.699 205.5392 176.5867 163.4684 226.4824 293.0266 309.7202 302.1552 302.2176 296.4052 382.0189 384.4695 -9999 
-9999 -2979.962 -2960.881 -2908.271 -2876.396 -2842.046 -2808.727 -2764.408 -2706.96 -2643.941 -2496.659 -2366.472 -2251.45 -2149.339 -2063.787 -1987.91 -1856.777 -1726.402 -1681.487 -1650.771 -1622.986 -1602.637 -1590.168 -1593.994 -1607.057 -1598.28 -1648.667 -1677.028 -1983.254 -2084.851 -2184.013 -2194.241 -2217.318 -2120.879 -2184.638 -2049.256 -2034.916 -1973.741 -1714.032 -1668.952 -1804.975 -1720.626 -1779.029 -1709.589 -1780.536 -1631.079 -1601.232 -1443.954 -1256.411 -1067.368 -833.5489 -685.7728 -539.9342 -479.3253 -533.9339 -649.0131 -637.1742 -167.4934 -292.9524 -328.6062 -108.9349 -54.2493 -20.47832 11.70563 11.01262 18.98487 22.27711 45.88526 57.23371 71.54477 119.6996 126.908 204.4404 174.803 180.585 273.6603 251.9074 219.9276 293.9868 277.4195 349.5537 -9999 
-9999 -2982.123 -2936.903 -2893.802 -2868.062 -2825.241 -2752.049 -2734.05 -2697.491 -2641.418 -2503.722 -2355.443 -2236.53 -2136.224 -2045.953 -1955.801 -1857.247 -1763.64 -1672.058 -1639.344 -1604.987 -1580.114 -1560.265 -1539.028 -1522.7 -1518.105 -1526.203 -1590.392 -1847.239 -1926.735 -2013.291 -1955.059 -2019.01 -2021.049 -2082.935 -2066.823 -1843.089 -1694.48 -1507.281 -1497.137 -1599.606 -1488.595 -1610.439 -1510.5 -1669.546 -1684.94 -1498.603 -1380.752 -1328.68 -1175.326 -953.9268 -738.4686 -544.5203 -455.6697 -430.4015 -453.2549 -658.0146 -554.6704 -506.2268 -465.7008 -394.8592 -293.896 -41.64218 4.037838 3.22831 5.947596 23.12899 15.4751 24.45268 19.5345 36.4613 60.34882 103.8301 107.7513 99.22647 184.9101 175.2368 271.3254 207.3558 261.9922 374.9563 -9999 
-9999 -2968.774 -2918.214 -2872.756 -2823.097 -2779.943 -2704.922 -2694.565 -2663.97 -2592.338 -2465.465 -2324.17 -2213.158 -2133.901 -2049.044 -1951.565 -1862.155 -1811.51 -1668.678 -1629.974 -1592.052 -1560.133 -1533.286 -1511.398 -1490.78 -1481.649 -1475.69 -1496.11 -1617.489 -1719.795 -1810 -1771.895 -1824.502 -1886.395 -1882.354 -1977.893 -1942.294 -1871.264 -1657.652 -1417.313 -1421.906 -1291.636 -1359.492 -1384.94 -1417.931 -1479.338 -1557.145 -1471.569 -1296.361 -1111.413 -915.0887 -712.9324 -566.0728 -474.7551 -404.3827 -371.6558 -427.2035 -545.1743 -302.8928 -126.4304 -84.87459 -49.47886 -57.76597 -43.28813 81.42936 125.5214 176.9653 206.1101 99.54661 71.7886 62.81084 40.88044 56.17336 35.36245 38.99374 81.01595 131.2167 147.0047 224.9128 268.2001 303.0784 -9999 
-9999 -2954.695 -2877.992 -2859.492 -2794.183 -2728.655 -2672.054 -2624.853 -2624.061 -2537.793 -2431.237 -2311.497 -2186.752 -2100.24 -2004.126 -1927.764 -1859.197 -1747.526 -1665.519 -1623.384 -1583.728 -1541.524 -1510.209 -1485.78 -1464.96 -1451.765 -1446.334 -1459.169 -1510.706 -1529.521 -1542.238 -1607.586 -1658.568 -1682.061 -1581.653 -1621.985 -1693.775 -1830.582 -1761.022 -1444.038 -1343.711 -1205.501 -1189.235 -1250.519 -1173.066 -1229.467 -1308.662 -1302.305 -1279.833 -1113.401 -930.4435 -780.0855 -639.2333 -533.2472 -436.7538 -307.6674 -297.1841 -366.3127 -284.8786 -75.74617 -40.17038 41.84259 9.822309 54.51536 61.50301 95.40193 215.2042 213.3219 240.0513 105.8821 138.5789 260.7668 274.584 166.4467 108.7266 50.2975 50.93081 53.72645 153.4001 166.5212 199.6971 -9999 
-9999 -2920.381 -2849.752 -2799.397 -2768.199 -2722.178 -2648.942 -2574.259 -2552.125 -2497.796 -2386.983 -2267.837 -2165.618 -2077.377 -1997.291 -1915.793 -1843.447 -1758.431 -1662.852 -1616.266 -1571.862 -1526.24 -1488.703 -1462.046 -1440.942 -1425.287 -1416.337 -1410.514 -1409.882 -1416.791 -1416.896 -1457.165 -1489.615 -1472.513 -1402.625 -1424.76 -1542.686 -1778.049 -1624.529 -1356.289 -1225.957 -1134.885 -1111.312 -1101.28 -1041.698 -1064.466 -1107.853 -1095.267 -1157.98 -1013.467 -887.9095 -827.9768 -719.3686 -608.277 -468.2137 -293.8142 -193.8592 -140.054 -302.8631 -79.8819 -50.28646 -25.04062 40.82144 127.6817 257.2607 265.5828 150.4 242.961 266.8555 229.9257 97.3275 213.0673 239.1456 286.8266 196.966 124.4839 202.1012 291.1562 157.8001 54.83775 107.8074 -9999 
-9999 -2881.196 -2842.913 -2806.521 -2763.889 -2712.337 -2637.696 -2554.605 -2501.025 -2472.094 -2358.257 -2250.864 -2143.879 -2068.946 -1987.384 -1892.481 -1830.145 -1751.134 -1655.172 -1604.94 -1557.033 -1511.723 -1473.513 -1444.361 -1422.736 -1403.8 -1390.878 -1379.116 -1376.032 -1368.069 -1357.678 -1389.972 -1409.605 -1363.82 -1345.05 -1382.417 -1558.551 -1739.625 -1582.674 -1338.826 -1193.036 -1109.799 -1064.529 -1028.518 -994.9209 -996.6318 -999.4046 -978.2002 -1006.474 -1010.502 -884.7208 -708.2105 -561.4154 -475.2091 -364.3913 -221.2541 -178.7172 -164.0408 -139.2822 -109.0967 -56.85068 -38.59387 27.5227 165.9135 318.9279 403.7206 366.1491 337.304 237.4402 287.8725 196.3994 115.3769 256.4213 344.3246 253.9897 147.9168 267.298 482.3656 396.0982 189.0396 60.60582 -9999 
-9999 -2894.027 -2860.895 -2821.081 -2775.863 -2719.15 -2636.047 -2556.21 -2495.211 -2434.87 -2318.901 -2216.773 -2120.961 -2046.962 -1957.368 -1898.268 -1822.444 -1707.515 -1645.026 -1592.87 -1542.967 -1497.967 -1462.34 -1433.355 -1410.662 -1391.648 -1372.592 -1359.412 -1352.574 -1344.605 -1333.445 -1336.49 -1336.861 -1317.931 -1301.863 -1362.123 -1505.595 -1682.207 -1587.633 -1417.059 -1274.744 -1148.427 -1048.62 -1006.89 -979.0865 -9999 -9999 -952.3388 -944.9322 -872.7684 -733.8345 -605.5706 -522.077 -446.9648 -348.4919 -210.1669 -160.2525 -195.1833 -102.6812 -98.94254 -55.91782 -9999 43.69598 197.4524 335.8351 526.756 514.9375 357.9291 348.9808 261.3586 362.4464 300.4802 182.3228 313.6079 277.8058 214.7001 395.6214 460.272 545.3661 325.5366 153.3136 -9999 
-9999 -2901.418 -2857.75 -2807.927 -2758.56 -2684.599 -2595.137 -2545.107 -2481.476 -2406.974 -2305.943 -2193.563 -2091.537 -2009.508 -1968.77 -1844.219 -1767.295 -1685.951 -1636.088 -1577.457 -1530.062 -1485.56 -1455.178 -1427.68 -1403.067 -1383.873 -1362.399 -1346.957 -1333.246 -1325.11 -1317.102 -1314.396 -1312.882 -1295.368 -1295.464 -1358.385 -1452.365 -1552.553 -1568.973 -1445.947 -1345.715 -1256.296 -1172.977 -1046.686 -979.2024 -944.4867 -921.8839 -929.8092 -903.0673 -844.0213 -709.9188 -606.7823 -524.3671 -448.6825 -356.4057 -219.7138 -148.3439 -142.0081 -104.3396 -98.30634 -69.93459 -9999 52.64671 221.5396 404.462 418.481 455.1687 403.5327 297.3654 349.8613 288.9988 409.1867 439.078 374.016 325.841 243.3079 390.2276 600.9036 411.0412 319.5797 159.6976 140.6727 
-9999 -2898.216 -2849.67 -2798.276 -2744.65 -2663.528 -2573.524 -2506.65 -2455.601 -2354.211 -2249.91 -2154.695 -2072.928 -1985.152 -1865.588 -1796.274 -1752.594 -1675.815 -1617.774 -1565.224 -1515.297 -1474.518 -1451.843 -1427.186 -1403.015 -1382.837 -1359.875 -1341.199 -1323.839 -1311.717 -1301.015 -1295.944 -1293.066 -1277.174 -1295.728 -1338.591 -1371.577 -1441.242 -1408.446 -1391.296 -1320.566 -1263.782 -1199.097 -1101.711 -1002.18 -963.2052 -950.6926 -942.551 -892.5585 -837.1868 -712.2586 -625.0716 -548.5797 -469.2076 -378.5774 -246.4844 -147.5454 -129.2186 -116.784 -92.96301 -80.13692 -9999 19.23513 171.0927 194.3029 260.9503 409.4971 402.3791 416.8204 386.9996 371.3219 332.0361 442.7211 574.8759 558.8083 390.3041 434.8251 472.5929 269.9392 237.3071 312.7409 296.3927 
-9999 -2896.75 -2845.802 -2801.379 -2757.269 -2694.085 -2612.779 -2509.832 -2423.009 -2325.457 -2211.866 -2125.937 -2048.405 -1933.005 -1843.204 -1771.144 -1720.258 -1668.246 -1607.577 -1552.358 -1506.265 -1466.073 -1442.309 -1427.322 -1410.491 -1392.741 -1371.351 -1347.586 -1325.573 -1305.826 -1290.966 -1280.951 -1275.83 -1270.291 -1290.201 -1280.694 -1293.241 -1317.787 -1284.636 -1289.511 -1243.961 -1200.429 -1140.64 -1093.087 -1047.361 -1010.236 -1004.45 -939.9694 -887.4605 -843.496 -742.3876 -649.8858 -577.0318 -500.0228 -408.8544 -280.6237 -162.3085 -126.8845 -115.4515 -94.66013 -81.66019 -9999 -9999 100.7198 314.2213 493.2264 527.3933 467.2742 550.1562 524.2468 559.1127 385.2606 352.1001 432.1591 519.7138 594.8897 475.3861 365.2547 466.1721 558.8302 565.3656 465.6979 
-9999 -2912.129 -2901.951 -2846.649 -2788.166 -2723.636 -2630.74 -2530.82 -2402.649 -2256.565 -2152.62 -2046.486 -1974.703 -1886.779 -1836.14 -1757.972 -1698.134 -1649.891 -1593.787 -1542.206 -1499.823 -1461.445 -1435.333 -1423.66 -1412.656 -1407.648 -1420.939 -1391.47 -1342.657 -1326.815 -1296.919 -1272.936 -1260.742 -1254.199 -1252.547 -1237.204 -1258.458 -1234.306 -1220.52 -1200.895 -1224.184 -1148.709 -1083.228 -1057.254 -1010.112 -989.4475 -948.2947 -915.3792 -890.781 -852.3973 -779.3582 -683.5766 -605.4696 -533.9329 -452.4272 -331.6067 -205.3452 -128.8361 -116.2674 -105.336 -85.42191 -9999 -9999 11.8399 215.0751 284.5776 387.0039 531.2579 673.7996 684.5865 562.5639 544.8838 505.1121 422.4876 485.8661 455.8472 439.4243 399.9559 432.8741 558.7473 514.3024 395.9858 
-9999 -2985.87 -2934.397 -2875.117 -2808.454 -2736.715 -2645.666 -2536.715 -2423.991 -2264.329 -2151.284 -2050.689 -1966.576 -1891.034 -1831.24 -1761.451 -1674.401 -1637.151 -1574.244 -1529.912 -1491.978 -1459.64 -1434.868 -1417.499 -1410.712 -1429.418 -1510.922 -1467.926 -1384.419 -1344.634 -1334.74 -1311.852 -1251.365 -1236.072 -1232.113 -1219.826 -1199.117 -1174.666 -1154.446 -1138.344 -1134.099 -1102.171 -1089.559 -1025.731 -983.1293 -956.1204 -932.3605 -914.5679 -896.7664 -862.257 -815.1561 -726.1115 -641.8522 -567.3466 -499.9811 -395.7442 -286.2572 -165.667 -121.147 -109.6722 -86.232 -9999 -9999 0.5376492 128.0817 309.279 443.0311 481.5668 643.103 806.3369 582.1055 715.6307 707.7316 590.9124 495.092 435.5399 416.5819 490.9619 481.0688 554.6198 453.3453 342.1185 
-9999 -3009.113 -2967.921 -2903.125 -2827.854 -2752.927 -2677.217 -2583.115 -2437.833 -2274.888 -2167.616 -9999 -9999 -9999 -9999 -9999 -9999 -9999 -9999 -9999 -9999 -9999 -9999 -9999 -9999 -9999 -9999 -9999 -9999 -9999 -9999 -9999 -9999 -9999 -9999 -9999 -9999 -9999 -9999 -9999 -9999 -9999 -9999 -9999 -9999 -9999 -9999 -9999 -9999 -9999 -9999 -9999 -9999 -9999 -9999 -9999 -9999 -9999 -9999 -9999 -9999 -9999 -9999 -9999 -9999 -9999 -9999 -9999 -9999 -9999 -9999 -9999 -9999 -9999 -9999 -9999 -9999 -9999 -9999 -9999 -9999 -9999 
